0    0
270  274
277  293
277  355
277  426
277  496
277  565
271  274
271  355
271  426
271  496
271  565
952  274
960  291
960  355
952  274
952  355
952  441
1013 460
1013 527
1013 598
1013 679
1013 746
1013 824
1013 901
953  442
953  515
953  588
953  661
953  734
953  807
953  880
952  274
1043 300
1298 300
1629 300
952  274
1298 300
1629 300
1449 292
1449 292
1341 283
960  296
960  353
953  275
953  353
1341 284
1341 284
1341 284
1062 292
1451 292
952  275
1320 275
1319 274
971  294
952  274
959  352
953  352