0 671 1153 128 766
0 767 1857 729 285
1 1499 2029 2100 115
0 1761 1688 280 226
0 2245 1688 280 226
1 2671 1706 229 121 
0 2668 1826 234 201
1 3018 1822 231 116
0 3015 1937 236 90
0 3125 759 291 451
0 3419 407 363 359
0 3419 1065 570 143
0 3506 1566 472 152
0 3507 1721 399 207
0 3600 1931 269 1599
0 3763 0 3442 411
1 4329 986 278 103
0 4328 1088 281 329
1 4332 1633 356 188
1 4168 1717 824 106
0 4165 1820 829 946
0 3874 3391 2976 369
0 4790 1221 277 40
0 5188 418 179 611
0 5299 1373 277 40
0 5425 1813 277 40
1 4992 1821 139 208
1 5096 1982 693 92
0 4995 2005 1564 762
0 5911 1753 648 250
0 6031 988 1174 448
0 6830 1442 351 2084
3 7192 410 57 580