0 0 2118 43 715
0 0 2835 710 550
0 0 3426 417 804
0 585 2685 128 147
1 417 3947 830 310
0 0 1289 2192 827
1 852 2115 232 101
0 1086 2117 208 213
0 1074 2684 580 187
0 1074 2873 486 259
0 1244 3236 2389 706
1 1503 3114 793 119
1 2202 3024 96 89
0 2297 2873 528 360
0 2755 2618 733 252
0 3470 2084 174 3107
0 2188 1282 918 461
0 2683 1744 423 144
0 2654 1887 339 411
0 3099 619 3212 578
1 4026 1197 147 112
2 4079 1308 38 766
0 3932 2077 336 48
1 4726 1197 147 112
2 4777 1311 40 891
0 4632 2202 336 48
1 5399 1197 147 112
2 5451 1303 40 745
0 5307 2051 336 48
1 6055 1197 147 112
2 6113 1304 36 678
0 5965 1984 336 48
0 6217 3836 177 1355
0 6397 4291 4181 900
0 6804 2244 2965 1304
0 6803 1940 121 304
0 7317 1786 126 460
0 7875 1702 128 543
0 8466 1585 130 659
1 6916 2108 2002 140
0 8917 1521 852 724
1 9842 4079 254 213
0 10094 2216 484 2072
0 10831 2218 336 48
0 11389 2392 336 48
0 11885 2601 1582 1745
0 12678 0 789 1751
1 3624 4390 8444 910